"order_id","tracking","buyer_country","amazon_ship_option","amazon_carrier_name","bl_package","bl_tracking_status_date","dhl_file_delivery_date","dhl_last_event","dhl_source_file","notes"
"305-8622664-9933125","JJD000030206530000003138330","AT","Pri Intl","DHL","No","","2026-01-31 10:41:00","DRPDOR","EX_DHL_2446860_NET FOX_JJD_01.02.2026 14.02.xlsx","BL has no package"
"302-5646822-9052334","JJD000030206530000003163951","AT","Std DE Intl_1","DHL","No","","2026-02-06 09:52:00","DRPDOR","EX_DHL_2446860_NET FOX_JJD_08.02.2026 17.02.xlsx","BL has no package"
"303-7184975-6322718","JJD000030206530000003144501","AT","Pri Intl","DHL","No","","2026-02-03 15:17:00","DRPDOR","EX_DHL_2446860_NET FOX_JJD_01.02.2026 14.02.xlsx","BL has no package"
"303-2383690-3541956","JJD000030206530000003139768","AT","Pri Intl","DHL","No","","2026-02-02 11:30:00","DRPDOR","EX_DHL_2446860_NET FOX_JJD_01.02.2026 14.02.xlsx","BL has no package"
"302-0743839-9776362","JJD000030206530000003140721","AT","Pri Intl","DHL","No","","2026-02-03 08:21:00","DRPDOR","EX_DHL_2446860_NET FOX_JJD_01.02.2026 14.02.xlsx","BL has no package"
"302-4347911-0070716","JJD000030206530000003157533","AT","Pri Intl","DHL eCommerce","No","","2026-02-05 08:48:00","DRPDOR","EX_DHL_2446860_NET FOX_JJD_08.02.2026 17.02.xlsx","BL has no package"
"302-6768266-9456341","JJD000030206530000003150198","AT","Pri Intl","DHL","No","","2026-02-04 14:15:00","DRPDOR","EX_DHL_2446860_NET FOX_JJD_08.02.2026 17.02.xlsx","BL has no package"
"302-9553848-2400361","JJD000030206530000003146092","AT","Pri Intl","DHL","No","","2026-02-04 11:20:00","DRPDOR","EX_DHL_2446860_NET FOX_JJD_08.02.2026 17.02.xlsx","BL has no package"
"303-2219834-8085921","JJD000030206530000003150812","AT","Pri Intl","DHL","No","","2026-02-05 11:55:00","DRPDOR","EX_DHL_2446860_NET FOX_JJD_08.02.2026 17.02.xlsx","BL has no package"
"302-9019932-6093930","JJD000030206530000003152689","AT","Std DE Intl_1","DHL","No","","2026-02-05 15:43:00","DRPDOR","EX_DHL_2446860_NET FOX_JJD_08.02.2026 17.02.xlsx","BL has no package"
"305-2069121-7973102","JJD000030206530000003154181","AT","Std DE Intl_1","DHL","No","","2026-02-05 10:57:00","DRPDOR","EX_DHL_2446860_NET FOX_JJD_08.02.2026 17.02.xlsx","BL has no package"
"302-6732775-5348327","JJD000030206530000003167180","AT","Pri Intl","DHL","No","","2026-02-09 09:50:00","DRPDOR","EX_DHL_2446860_NET FOX_JJD_08.02.2026 17.02.xlsx","BL has no package"
"302-9618758-9463508","JJD000030206530000003146963","AT","Pri Intl","DHL","No","","2026-02-03 18:00:00","DRPDOR","EX_DHL_2446860_NET FOX_JJD_01.02.2026 14.02.xlsx","BL has no package"
"303-5538397-5281122","JJD000030206530000003171315","AT","Std DE Intl_1","DHL eCommerce","No","","2026-02-07 10:45:00","DRPDOR","EX_DHL_2446860_NET FOX_JJD_08.02.2026 17.02.xlsx","BL has no package"
"306-0081362-5011522","JJD000030206530000003150367","AT","Pri Intl","DHL","No","","2026-02-04 12:08:00","DRPDOR","EX_DHL_2446860_NET FOX_JJD_08.02.2026 17.02.xlsx","BL has no package"
"303-7758489-2107511","JJD000030206530000003144152","AT","Pri Intl","DHL","No","","2026-02-03 16:08:00","DRPDOR","EX_DHL_2446860_NET FOX_JJD_01.02.2026 14.02.xlsx","BL has no package"
"305-3436364-6235513","JJD000030206530000003154192","AT","Std DE Intl_1","DHL","No","","2026-02-05 12:16:00","DRPDOR","EX_DHL_2446860_NET FOX_JJD_08.02.2026 17.02.xlsx","BL has no package"
"305-4013842-3750737","JJD000030206530000003158938","AT","Std DE Intl_1","DHL","No","","2026-02-05 11:38:00","DRPDOR","EX_DHL_2446860_NET FOX_JJD_08.02.2026 17.02.xlsx","BL has no package"
"306-8715549-6973145","JJD000030206530000003091978","AT","Std DE Intl_1","DHL","No","","2026-01-20 11:19:00","DRPDOR","EX_DHL_2446860_NET FOX_JJD_18.01.2026 31.01.xlsx","BL has no package"
"302-1026375-0245113","JJD000030206530000003144865","AT","Pri Intl","DHL","No","","2026-02-10 15:15:00","DRPDOR","EX_DHL_2446860_NET FOX_JJD_08.02.2026 17.02.xlsx","BL has no package"
"302-7029155-1441103","JJD000030206530000003153786","AT","Std DE Intl_1","DHL","No","","2026-02-05 12:28:00","DRPDOR","EX_DHL_2446860_NET FOX_JJD_08.02.2026 17.02.xlsx","BL has no package"
"306-7338738-6316312","JJD000030206530000003149668","AT","Pri Intl","DHL","No","","2026-02-04 12:12:00","DRPDOR","EX_DHL_2446860_NET FOX_JJD_08.02.2026 17.02.xlsx","BL has no package"
"028-9066172-1849915","JJD000030206530000003161606","AT","Pri Intl","DHL","No","","2026-02-06 07:29:00","DRPDOR","EX_DHL_2446860_NET FOX_JJD_08.02.2026 17.02.xlsx","BL has no package"
"302-9042464-3013911","JJD000030206530000003152678","AT","Std DE Intl_1","DHL","No","","2026-02-06 11:11:00","DRPDOR","EX_DHL_2446860_NET FOX_JJD_08.02.2026 17.02.xlsx","BL has no package"
"303-4360701-6757130","JJD000030206530000003171499","AT","Std DE Intl_1","DHL eCommerce","No","","2026-02-10 10:14:00","DRPDOR","EX_DHL_2446860_NET FOX_JJD_08.02.2026 17.02.xlsx","BL has no package"
"306-5094181-7205119","JJD000030206530000003146632","AT","Pri Intl","DHL","No","","2026-02-03 11:02:00","DRPDOR","EX_DHL_2446860_NET FOX_JJD_01.02.2026 14.02.xlsx","BL has no package"
"304-7990064-5009937","JJD000030206530000003133004","AT","Pri Intl","DHL","No","","2026-01-30 07:41:00","DRPDOR","EX_DHL_2446860_NET FOX_JJD_01.02.2026 14.02.xlsx","BL has no package"
"304-8627464-9473153","JJD000030206530000003157522","AT","Std DE Intl_1","DHL","No","","2026-02-05 12:43:00","DRPDOR","EX_DHL_2446860_NET FOX_JJD_08.02.2026 17.02.xlsx","BL has no package"
"305-5209565-6151547","JJD000030206530000003161886","AT","Pri Intl","DHL","No","","2026-02-09 12:53:00","DRPDOR","EX_DHL_2446860_NET FOX_JJD_08.02.2026 17.02.xlsx","BL has no package"
"305-0030046-5306777","JJD000030206530000003135848","AT","Pri Intl","DHL","No","","2026-01-30 13:36:00","DRPDOR","EX_DHL_2446860_NET FOX_JJD_01.02.2026 14.02.xlsx","BL has no package"
"028-0645204-7891519","JJD000030206530000003142021","AT","Pri Intl","DHL","No","","2026-02-03 08:54:00","DRPDOR","EX_DHL_2446860_NET FOX_JJD_01.02.2026 14.02.xlsx","BL has no package"
"305-8784588-3453950","JJD000030206530000003091732","AT","Std DE Intl_1","DHL","No","","2026-01-20 12:19:00","DRPDOR","EX_DHL_2446860_NET FOX_JJD_18.01.2026 31.01.xlsx","BL has no package"
"304-7866468-1356354","JJD000030206530000003150345","AT","Pri Intl","DHL","No","","2026-02-04 13:32:00","DRPDOR","EX_DHL_2446860_NET FOX_JJD_08.02.2026 17.02.xlsx","BL has no package"
"303-4567796-1379557","JJD000030206530000003120623","AT","Pri Intl","DHL","No","","2026-01-29 11:16:00","DRPDOR","EX_DHL_2446860_NET FOX_JJD_01.02.2026 14.02.xlsx","BL has no package"
"028-8220219-8625965","JJD000030206530000003136743","AT","Pri Intl","DHL","No","","2026-01-31 11:10:00","DRPDOR","EX_DHL_2446860_NET FOX_JJD_01.02.2026 14.02.xlsx","BL has no package"
"306-6870333-9426714","JJD000030206530000003164003","AT","Pri Intl","DHL","No","","2026-02-09 12:25:00","DRPDOR","EX_DHL_2446860_NET FOX_JJD_08.02.2026 17.02.xlsx","BL has no package"
"028-4582536-0457105","JJD000030206530000003137413","AT","Pri Intl","DHL","No","","2026-01-31 14:25:00","DRPDOR","EX_DHL_2446860_NET FOX_JJD_01.02.2026 14.02.xlsx","BL has no package"
"304-0772749-9564367","JJD000030206530000003134285","AT","Pri Intl","DHL","No","","2026-01-30 10:32:00","DRPDOR","EX_DHL_2446860_NET FOX_JJD_01.02.2026 14.02.xlsx","BL has no package"
"028-2262230-4127562","JJD000030206530000003154467","AT","Std DE Intl_1","DHL","No","","2026-02-05 09:12:00","DRPDOR","EX_DHL_2446860_NET FOX_JJD_08.02.2026 17.02.xlsx","BL has no package"
"302-3130668-0859530","JJD000030206530000003140850","AT","Pri Intl","DHL","No","","2026-01-31 15:40:00","DRPDOR","EX_DHL_2446860_NET FOX_JJD_01.02.2026 14.02.xlsx","BL has no package"
"028-6492308-5173911","JJD000030206530000003159793","AT","Std DE Intl_1","DHL","No","","2026-02-05 11:18:00","DRPDOR","EX_DHL_2446860_NET FOX_JJD_08.02.2026 17.02.xlsx","BL has no package"
"302-2049164-8661156","JJD000030206530000003157926","AT","Std DE Intl_1","DHL","No","","2026-02-05 12:52:00","DRPDOR","EX_DHL_2446860_NET FOX_JJD_08.02.2026 17.02.xlsx","BL has no package"
"302-3124722-3909902","JJD000030206530000003162405","AT","Pri Intl","DHL","No","","2026-02-06 11:00:00","DRPDOR","EX_DHL_2446860_NET FOX_JJD_08.02.2026 17.02.xlsx","BL has no package"
"303-2684273-6723527","JJD000030206530000003142330","AT","Pri Intl","DHL","No","","2026-02-03 12:59:00","DRPDOR","EX_DHL_2446860_NET FOX_JJD_01.02.2026 14.02.xlsx","BL has no package"
"305-5641189-2869163","JJD000030206530000003121624","AT","Pri Intl","DHL","No","","2026-01-29 09:30:00","DRPDOR","EX_DHL_2446860_NET FOX_JJD_01.02.2026 14.02.xlsx","BL has no package"
"303-0703397-8437908","JJD000030206530000003134656","AT","Pri Intl","DHL","No","","2026-02-02 10:20:00","DRPDOR","EX_DHL_2446860_NET FOX_JJD_01.02.2026 14.02.xlsx","BL has no package"
"305-6893074-8451543","JJD000030206530000003162983","AT","Pri Intl","DHL","No","","2026-02-06 12:24:00","DRPDOR","EX_DHL_2446860_NET FOX_JJD_08.02.2026 17.02.xlsx","BL has no package"
"306-0904831-3753959","JJD000030206530000003142403","AT","Pri Intl","DHL","No","","2026-02-03 13:57:00","DRPDOR","EX_DHL_2446860_NET FOX_JJD_01.02.2026 14.02.xlsx","BL has no package"
"305-6245491-2663557","JJD000030206530000003128407","AT","Pri Intl","DHL","No","","2026-01-30 13:42:00","DRPDOR","EX_DHL_2446860_NET FOX_JJD_01.02.2026 14.02.xlsx","BL has no package"
"028-4514110-2574747","JJD000030206530000003133868","AT","Pri Intl","DHL","No","","2026-01-30 10:49:00","DRPDOR","EX_DHL_2446860_NET FOX_JJD_01.02.2026 14.02.xlsx","BL has no package"
"304-5912982-2306723","JJD000030206530000003140489","AT","Pri Intl","DHL","No","","2026-01-31 11:55:00","DRPDOR","EX_DHL_2446860_NET FOX_JJD_01.02.2026 14.02.xlsx","BL has no package"
"303-7273024-3442754","JJD000030206530000003133846","AT","Pri Intl","DHL","No","","2026-01-30 11:31:00","DRPDOR","EX_DHL_2446860_NET FOX_JJD_01.02.2026 14.02.xlsx","BL has no package"
"306-7910045-8040340","JJD000030206530000003120274","AT","Pri Intl","DHL","No","","2026-01-31 13:08:00","DRPDOR","EX_DHL_2446860_NET FOX_JJD_01.02.2026 14.02.xlsx","BL has no package"
"305-7957294-4094751","JJD000030206530000003131642","AT","Pri Intl","DHL","No","","2026-01-29 09:24:00","DRPDOR","EX_DHL_2446860_NET FOX_JJD_01.02.2026 14.02.xlsx","BL has no package"
"303-8734026-5851522","JJD000030206530000003150356","AT","Pri Intl","DHL","No","","2026-02-04 10:40:00","DRPDOR","EX_DHL_2446860_NET FOX_JJD_08.02.2026 17.02.xlsx","BL has no package"
"304-0127584-1205952","JJD000030206530000003147251","AT","Pri Intl","DHL","No","","2026-02-03 10:22:00","DRPDOR","EX_DHL_2446860_NET FOX_JJD_01.02.2026 14.02.xlsx","BL has no package"
"304-0022735-9145123","JJD000030206530000003136552","AT","Pri Intl","DHL","No","","2026-01-30 09:33:00","DRPDOR","EX_DHL_2446860_NET FOX_JJD_01.02.2026 14.02.xlsx","BL has no package"
"303-5100142-1326701","JJD000030206530000003143195","AT","Pri Intl","DHL","No","","2026-02-03 14:59:00","DRPDOR","EX_DHL_2446860_NET FOX_JJD_01.02.2026 14.02.xlsx","BL has no package"
"306-6930143-0088333","JJD000030206530000003165368","AT","Pri Intl","DHL","No","","2026-02-07 12:04:00","DRPDOR","EX_DHL_2446860_NET FOX_JJD_08.02.2026 17.02.xlsx","BL has no package"
"028-7342390-4849940","JJD000030206530000003121006","AT","Pri Intl","DHL","No","","2026-01-29 11:10:00","DRPDOR","EX_DHL_2446860_NET FOX_JJD_01.02.2026 14.02.xlsx","BL has no package"
"302-8529383-7997925","JJD000030206530000003157544","AT","Std DE Intl_1","DHL","No","","2026-02-05 12:07:00","DRPDOR","EX_DHL_2446860_NET FOX_JJD_08.02.2026 17.02.xlsx","BL has no package"
"304-2622730-5731519","JJD000030206530000003153860","AT","Std DE Intl_1","DHL","No","","2026-02-05 13:45:00","DRPDOR","EX_DHL_2446860_NET FOX_JJD_08.02.2026 17.02.xlsx","BL has no package"
"306-2056770-6847510","JJD000030206530000003170218","AT","Pri Intl","DHL","No","","2026-02-07 12:04:00","DRPDOR","EX_DHL_2446860_NET FOX_JJD_08.02.2026 17.02.xlsx","BL has no package"
"302-4494371-5789913","JJD000030206530000003131631","AT","Pri Intl","DHL","No","","2026-01-30 10:09:00","DRPDOR","EX_DHL_2446860_NET FOX_JJD_01.02.2026 14.02.xlsx","BL has no package"
"305-3455588-1650757","JJD000030206530000003162927","AT","Std DE Intl_1","DHL","No","","2026-02-06 10:23:00","DRPDOR","EX_DHL_2446860_NET FOX_JJD_08.02.2026 17.02.xlsx","BL has no package"
"306-7773031-7854720","JJD000030206530000003151526","AT","Pri Intl","DHL","No","","2026-02-04 12:40:00","DRPDOR","EX_DHL_2446860_NET FOX_JJD_08.02.2026 17.02.xlsx","BL has no package"
"028-1141674-0873132","JJD000030206530000003160458","AT","Std DE Intl_1","DHL","No","","2026-02-05 12:38:00","DRPDOR","EX_DHL_2446860_NET FOX_JJD_08.02.2026 17.02.xlsx","BL has no package"
"304-9848650-6029108","JJD000030206530000003142701","AT","Pri Intl","DHL","No","","2026-02-03 09:12:00","DRPDOR","EX_DHL_2446860_NET FOX_JJD_01.02.2026 14.02.xlsx","BL has no package"
"306-8367617-9550723","JJD000030206530000003120796","AT","Pri Intl","DHL","No","","2026-01-29 09:46:00","DRPDOR","EX_DHL_2446860_NET FOX_JJD_01.02.2026 14.02.xlsx","BL has no package"
"302-3891682-8088318","JJD000030206530000003120612","AT","Pri Intl","DHL","No","","2026-01-29 10:29:00","DRPDOR","EX_DHL_2446860_NET FOX_JJD_01.02.2026 14.02.xlsx","BL has no package"
"303-3893839-9148336","JJD000030206530000003143982","AT","Pri Intl","DHL","No","","2026-02-03 12:57:00","DRPDOR","EX_DHL_2446860_NET FOX_JJD_01.02.2026 14.02.xlsx","BL has no package"
"304-4840998-3277920","JJD000030206530000003163068","AT","Pri Intl","DHL","No","","2026-02-06 13:44:00","DRPDOR","EX_DHL_2446860_NET FOX_JJD_08.02.2026 17.02.xlsx","BL has no package"
"028-7415791-3161943","JJD000030206530000003131002","AT","Pri Intl","DHL","No","","2026-01-30 13:00:00","DRPDOR","EX_DHL_2446860_NET FOX_JJD_01.02.2026 14.02.xlsx","BL has no package"
"028-3818870-3665903","JJD000030206530000003138043","AT","Pri Intl","DHL","No","","2026-01-31 08:43:00","DRPDOR","EX_DHL_2446860_NET FOX_JJD_01.02.2026 14.02.xlsx","BL has no package"
"303-8498531-3276313","JJD000030206530000003157864","AT","Std DE Intl_1","DHL","No","","2026-02-05 11:18:00","DRPDOR","EX_DHL_2446860_NET FOX_JJD_08.02.2026 17.02.xlsx","BL has no package"
"028-8962236-3762726","JJD000030206530000003149179","AT","Pri Intl","DHL","No","","2026-02-05 11:27:00","DRPDOR","EX_DHL_2446860_NET FOX_JJD_08.02.2026 17.02.xlsx","BL has no package"
"303-4330171-0923554","JJD000030206530000003160127","AT","Std DE Intl_1","DHL","No","","2026-02-06 13:18:00","DRPDOR","EX_DHL_2446860_NET FOX_JJD_08.02.2026 17.02.xlsx","BL has no package"
"306-2453896-0717124","JJD000030206530000003154990","AT","Std DE Intl_1","DHL","No","","2026-02-04 13:01:00","DRPDOR","EX_DHL_2446860_NET FOX_JJD_08.02.2026 17.02.xlsx","BL has no package"
"303-0159186-0958754","JJD000030206530000003149382","AT","Pri Intl","DHL","No","","2026-02-06 11:59:00","DRPDOR","EX_DHL_2446860_NET FOX_JJD_08.02.2026 17.02.xlsx","BL has no package"
"306-7189138-0245966","JJD000030206530000003171382","AT","Std DE Intl_1","DHL","No","","2026-02-07 11:54:00","DRPDOR","EX_DHL_2446860_NET FOX_JJD_08.02.2026 17.02.xlsx","BL has no package"
"302-3234234-6562767","JJD000030206530000003121275","AT","Pri Intl","DHL","No","","2026-01-29 13:06:00","DRPDOR","EX_DHL_2446860_NET FOX_JJD_01.02.2026 14.02.xlsx","BL has no package"
"303-9970804-8697136","JJD000030206530000003158630","AT","Std DE Intl_1","DHL","No","","2026-02-05 12:40:00","DRPDOR","EX_DHL_2446860_NET FOX_JJD_08.02.2026 17.02.xlsx","BL has no package"
"304-0907511-9809154","JJD000030206530000003166296","AT","Pri Intl","DHL","No","","2026-02-06 15:13:00","DRPDOR","EX_DHL_2446860_NET FOX_JJD_08.02.2026 17.02.xlsx","BL has no package"
"028-0077211-3015514","JJD000030206530000003146496","AT","Pri Intl","DHL","No","","2026-02-04 12:22:00","DRPDOR","EX_DHL_2446860_NET FOX_JJD_08.02.2026 17.02.xlsx","BL has no package"
"302-8245723-0129114","JJD000030206530000003131940","AT","Pri Intl","DHL","No","","2026-02-02 09:42:00","DRPDOR","EX_DHL_2446860_NET FOX_JJD_01.02.2026 14.02.xlsx","BL has no package"
"305-5924887-0337901","JJD000030206530000003151582","AT","Pri Intl","DHL","No","","2026-02-05 11:34:00","DRPDOR","EX_DHL_2446860_NET FOX_JJD_08.02.2026 17.02.xlsx","BL has no package"
"306-8735026-9218758","JJD000030206530000003170392","AT","Pri Intl","DHL","No","","2026-02-07 14:22:00","DRPDOR","EX_DHL_2446860_NET FOX_JJD_08.02.2026 17.02.xlsx","BL has no package"
"305-5918565-2104332","JJD000030206530000003121540","AT","Pri Intl","DHL","No","","2026-01-29 13:29:00","DRPDOR","EX_DHL_2446860_NET FOX_JJD_01.02.2026 14.02.xlsx","BL has no package"
"306-4071295-2141149","JJD000030206530000003138065","AT","Pri Intl","DHL","No","","2026-02-02 10:06:00","DRPDOR","EX_DHL_2446860_NET FOX_JJD_01.02.2026 14.02.xlsx","BL has no package"
"304-4673689-4332339","JJD000030206530000003142329","AT","Pri Intl","DHL","No","","2026-02-03 13:23:00","DRPDOR","EX_DHL_2446860_NET FOX_JJD_01.02.2026 14.02.xlsx","BL has no package"
"028-2526187-5807562","JJD000030206530000003133357","AT","Pri Intl","DHL","No","","2026-01-30 09:40:00","DRPDOR","EX_DHL_2446860_NET FOX_JJD_01.02.2026 14.02.xlsx","BL has no package"
"303-2637292-2425141","JJD000030206530000003167837","AT","Pri Intl","DHL","No","","2026-02-07 12:42:00","DRPDOR","EX_DHL_2446860_NET FOX_JJD_08.02.2026 17.02.xlsx","BL has no package"
"305-1274940-8725943","JJD000030206530000003090157","AT","Std DE Intl_1","DHL eCommerce","No","","2026-01-20 11:36:00","DRPDOR","EX_DHL_2446860_NET FOX_JJD_18.01.2026 31.01.xlsx","BL has no package"
"028-0591458-0929126","JJD000030206530000003171371","AT","Pri Intl","DHL","No","","2026-02-09 09:38:00","DRPDOR","EX_DHL_2446860_NET FOX_JJD_08.02.2026 17.02.xlsx","BL has no package"
"306-4935506-5785901","JJD000030206530000003163877","AT","Pri Intl","DHL","No","","2026-02-06 15:09:00","DRPDOR","EX_DHL_2446860_NET FOX_JJD_08.02.2026 17.02.xlsx","BL has no package"
"028-0794932-7206719","JJD000030206530000003151868","AT","Pri Intl","DHL","No","","2026-02-04 10:38:00","DRPDOR","EX_DHL_2446860_NET FOX_JJD_08.02.2026 17.02.xlsx","BL has no package"
"303-7174550-7327560","JJD000030206530000003135742","AT","Pri Intl","DHL","No","","2026-01-30 11:01:00","DRPDOR","EX_DHL_2446860_NET FOX_JJD_01.02.2026 14.02.xlsx","BL has no package"
"303-2527507-1010750","JJD000030206530000003167900","AT","Pri Intl","DHL","No","","2026-02-07 09:30:00","DRPDOR","EX_DHL_2446860_NET FOX_JJD_08.02.2026 17.02.xlsx","BL has no package"
"305-8055307-2853943","JJD000030206530000003169828","AT","Pri Intl","DHL","No","","2026-02-09 14:18:00","DRPDOR","EX_DHL_2446860_NET FOX_JJD_08.02.2026 17.02.xlsx","BL has no package"
"305-7842850-5470753","JJD000030206530000003144472","AT","Pri Intl","DHL","No","","2026-02-03 10:32:00","DRPDOR","EX_DHL_2446860_NET FOX_JJD_01.02.2026 14.02.xlsx","BL has no package"
"306-0533701-7857142","JJD000030206530000003166049","AT","Pri Intl","DHL","No","","2026-02-09 11:01:00","DRPDOR","EX_DHL_2446860_NET FOX_JJD_08.02.2026 17.02.xlsx","BL has no package"
"302-7404594-6862749","JJD000030206530000003166230","AT","Pri Intl","DHL","No","","2026-02-07 14:48:00","DRPDOR","EX_DHL_2446860_NET FOX_JJD_08.02.2026 17.02.xlsx","BL has no package"
"303-6991392-3704335","JJD000030206530000003158292","AT","Std DE Intl_1","DHL","No","","2026-02-05 10:25:00","DRPDOR","EX_DHL_2446860_NET FOX_JJD_08.02.2026 17.02.xlsx","BL has no package"
"304-9056379-0489143","JJD000030206530000003131951","AT","Pri Intl","DHL","No","","2026-01-30 11:39:00","DRPDOR","EX_DHL_2446860_NET FOX_JJD_01.02.2026 14.02.xlsx","BL has no package"
"028-1036302-2628317","JJD000030206530000003119924","AT","Std DE Intl_1","DHL","No","","2026-01-29 14:24:00","DRPDOR","EX_DHL_2446860_NET FOX_JJD_01.02.2026 14.02.xlsx","BL has no package"
"028-3933899-3342762","JJD000030206530000003133784","AT","Pri Intl","DHL","No","","2026-01-30 16:00:00","DRPDOR","EX_DHL_2446860_NET FOX_JJD_01.02.2026 14.02.xlsx","BL has no package"
"305-1860997-8524357","JJD000030206530000003168872","AT","Pri Intl","DHL","No","","2026-02-10 12:53:00","DRPDOR","EX_DHL_2446860_NET FOX_JJD_08.02.2026 17.02.xlsx","BL has no package"
"305-1390925-4369951","JJD000030206530000003140170","AT","Pri Intl","DHL eCommerce","No","","2026-02-04 11:16:00","DRPDOR","EX_DHL_2446860_NET FOX_JJD_01.02.2026 14.02.xlsx","BL has no package"
"303-3917036-4202751","JJD000030206530000003158118","AT","Std DE Intl_1","DHL","No","","2026-02-05 13:23:00","DRPDOR","EX_DHL_2446860_NET FOX_JJD_08.02.2026 17.02.xlsx","BL has no package"
"303-6275043-3029958","JJD000030206530000003156492","AT","Std DE Intl_1","DHL","No","","2026-02-05 16:05:00","DRPDOR","EX_DHL_2446860_NET FOX_JJD_08.02.2026 17.02.xlsx","BL has no package"
"302-3300108-2341107","JJD000030206530000003137200","AT","Pri Intl","DHL","No","","2026-02-02 09:45:00","DRPDOR","EX_DHL_2446860_NET FOX_JJD_01.02.2026 14.02.xlsx","BL has no package"
"305-0671473-5931560","JJD000030206530000003161779","AT","Pri Intl","DHL","No","","2026-02-06 12:37:00","DRPDOR","EX_DHL_2446860_NET FOX_JJD_08.02.2026 17.02.xlsx","BL has no package"
"028-5022532-9913939","JJD000030206530000003159035","AT","Std DE Intl_1","DHL","No","","2026-02-05 12:24:00","DRPDOR","EX_DHL_2446860_NET FOX_JJD_08.02.2026 17.02.xlsx","BL has no package"
"304-4744937-0337958","JJD000030206530000003148549","AT","Std DE Intl_1","DHL","No","","2026-02-05 18:26:00","DRPDOR","EX_DHL_2446860_NET FOX_JJD_08.02.2026 17.02.xlsx","BL has no package"
"028-6291012-0502749","JJD000030206530000003149180","AT","Pri Intl","DHL","No","","2026-02-05 13:40:00","DRPDOR","EX_DHL_2446860_NET FOX_JJD_08.02.2026 17.02.xlsx","BL has no package"
"305-7260527-1690764","JJD000030206530000003120785","AT","Pri Intl","DHL","No","","2026-01-29 10:13:00","DRPDOR","EX_DHL_2446860_NET FOX_JJD_01.02.2026 14.02.xlsx","BL has no package"
"303-5312365-9451506","JJD000030206530000003160649","AT","Std DE Intl_1","DHL","No","","2026-02-06 09:19:00","DRPDOR","EX_DHL_2446860_NET FOX_JJD_08.02.2026 17.02.xlsx","BL has no package"
"306-4473966-3958725","JJD000030206530000003161195","AT","Std DE Intl_1","DHL","No","","2026-02-05 11:16:00","DRPDOR","EX_DHL_2446860_NET FOX_JJD_08.02.2026 17.02.xlsx","BL has no package"
"028-2238367-2392330","JJD000030206530000003168030","AT","Pri Intl","DHL","No","","2026-02-07 09:54:00","DRPDOR","EX_DHL_2446860_NET FOX_JJD_08.02.2026 17.02.xlsx","BL has no package"
"303-5495444-2331500","JJD000030206530000003151920","AT","Pri Intl","DHL","No","","2026-02-04 13:49:00","DRPDOR","EX_DHL_2446860_NET FOX_JJD_08.02.2026 17.02.xlsx","BL has no package"
"306-3851084-2979549","JJD000030206530000003154456","AT","Std DE Intl_1","DHL","No","","2026-02-05 09:06:00","DRPDOR","EX_DHL_2446860_NET FOX_JJD_08.02.2026 17.02.xlsx","BL has no package"
"304-2796555-1495568","JJD000030206530000003137384","AT","Pri Intl","DHL","No","","2026-02-02 10:27:00","DRPDOR","EX_DHL_2446860_NET FOX_JJD_01.02.2026 14.02.xlsx","BL has no package"
"306-5597359-5701139","JJD000030206530000003163388","AT","Pri Intl","DHL","No","","2026-02-06 12:27:00","DRPDOR","EX_DHL_2446860_NET FOX_JJD_08.02.2026 17.02.xlsx","BL has no package"
"303-3882478-5404309","JJD000030206530000003150801","AT","Pri Intl","DHL","No","","2026-02-05 13:35:00","DRPDOR","EX_DHL_2446860_NET FOX_JJD_08.02.2026 17.02.xlsx","BL has no package"
"303-0622160-4860354","JJD000030206530000003137615","AT","Pri Intl","DHL","No","","2026-02-02 09:16:00","DRPDOR","EX_DHL_2446860_NET FOX_JJD_01.02.2026 14.02.xlsx","BL has no package"
"303-6516960-0978759","JJD000030206530000003153859","AT","Pri Intl","DHL","No","","2026-02-05 10:28:00","DRPDOR","EX_DHL_2446860_NET FOX_JJD_08.02.2026 17.02.xlsx","BL has no package"
"305-9900649-7496309","JJD000030206530000003169586","AT","Pri Intl","DHL","No","","2026-02-09 10:51:00","DRPDOR","EX_DHL_2446860_NET FOX_JJD_08.02.2026 17.02.xlsx","BL has no package"
"302-4346279-3898765","JJD000030206530000003165802","AT","Pri Intl","DHL","No","","2026-02-06 09:20:00","DRPDOR","EX_DHL_2446860_NET FOX_JJD_08.02.2026 17.02.xlsx","BL has no package"
"304-1969107-7759526","JJD000030206530000003092980","AT","Std DE Intl_1","DHL","No","","2026-01-20 11:53:00","DRPDOR","EX_DHL_2446860_NET FOX_JJD_18.01.2026 31.01.xlsx","BL has no package"
"302-7038090-9218722","JJD000030206530000003162398","AT","Pri Intl","DHL","No","","2026-02-11 12:37:00","DRPDOR","EX_DHL_2446860_NET FOX_JJD_08.02.2026 17.02.xlsx","BL has no package"
"028-8884944-1639553","JJD000030206530000003161599","AT","Pri Intl","DHL","No","","2026-02-06 15:30:00","DRPDOR","EX_DHL_2446860_NET FOX_JJD_08.02.2026 17.02.xlsx","BL has no package"
"303-8827654-0515510","JJD000030206530000003164514","AT","Pri Intl","DHL","No","","2026-02-06 10:57:00","DRPDOR","EX_DHL_2446860_NET FOX_JJD_08.02.2026 17.02.xlsx","BL has no package"
"304-6986362-8764338","JJD000030206530000003138032","AT","Pri Intl","DHL","No","","2026-02-02 14:17:00","DRPDOR","EX_DHL_2446860_NET FOX_JJD_01.02.2026 14.02.xlsx","BL has no package"
"306-1989927-3157163","JJD000030206530000003143184","AT","Pri Intl","DHL","No","","2026-02-03 11:30:00","DRPDOR","EX_DHL_2446860_NET FOX_JJD_01.02.2026 14.02.xlsx","BL has no package"
"302-2731161-0551525","JJD000030206530000003158309","AT","Std DE Intl_1","DHL","No","","2026-02-05 12:53:00","DRPDOR","EX_DHL_2446860_NET FOX_JJD_08.02.2026 17.02.xlsx","BL has no package"
"303-0251615-3108302","JJD000030206530000003134230","AT","Pri Intl","DHL","No","","2026-01-30 14:31:00","DRPDOR","EX_DHL_2446860_NET FOX_JJD_01.02.2026 14.02.xlsx","BL has no package"
"306-0512976-9008346","JJD000030206530000003137648","AT","Pri Intl","DHL","No","","2026-01-31 07:08:00","DRPDOR","EX_DHL_2446860_NET FOX_JJD_01.02.2026 14.02.xlsx","BL has no package"
